tain_sentence size:	36
label         size:	2
x             size:	2
feature       size:	1386
feature size filter zero:	1370

0	B
1	I

0	U01:十	2
0	0.0282658580586124
1	-0.0282658580586175
2	U02:十	2
2	0.2111469123650476
3	-0.2111469123650524
4	U09:国/防	2
4	0.1397544697233562
5	-0.1397544697233721
6	U00:ア	2
6	0.0084668773018791
7	-0.0084668773018831
8	U00:ギ	2
8	-0.0576880866581740
9	0.0576880866581645
10	U08:ギ/ー	2
10	-0.2558342289666133
11	0.2558342289666043
12	U08:ネ/ル	2
12	-0.1371821878926880
13	0.1371821878926840
14	U06:ネ/ル/ギ	2
14	-0.1371821878926880
15	0.1371821878926840
16	U05:エ/ネ/ル	2
16	-0.1371821878926880
17	0.1371821878926840
18	U03:ギ	2
18	-0.1371821878926880
19	0.1371821878926840
20	U07:ネ/ル/ギ	2
20	-0.1187997084349755
21	0.1187997084349728
22	U07:エ/ネ/ル	2
22	0.1459006742443394
23	-0.1459006742443514
24	U04:ネ	2
24	0.0093682952029540
25	-0.0093682952029555
26	U02:す	2
26	-0.0042139173478880
27	0.0042139173478871
28	U01:イ	2
28	-0.3396067810781622
29	0.3396067810781562
30	U00:ホ	2
30	-0.2938254573792034
31	0.2938254573791984
32	U03:ホ	2
32	0.0851711957175630
33	-0.0851711957175614
34	U04:省	2
34	-0.5495064569872699
35	0.5495064569872301
36	U02:関	2
36	0.1453616831140175
37	-0.1453616831140282
38	U04:関	2
38	0.2975060711075058
39	-0.2975060711075154
40	U09:問/題	2
40	0.1724768759182094
41	-0.1724768759182122
42	U08:て/い	2
42	0.1844475182235627
43	-0.1844475182235753
44	U02:エ	2
44	0.1459006742443394
45	-0.1459006742443514
46	U04:調	2
46	-0.0326194430147446
47	0.0326194430147387
48	U00:防	2
48	-0.3014488550850237
49	0.3014488550850050
50	U01:代	2
50	0.2222533321418853
51	-0.2222533321418816
52	U05:ル/ギ/ー	2
52	-0.2558342289666133
53	0.2558342289666043
54	U08:年/代	2
54	-0.3131063474730489
55	0.3131063474730548
56	U05:〇/年/代	2
56	-0.3131063474730489
57	0.3131063474730548
58	U02:代	2
58	-0.3131063474730489
59	0.3131063474730548
60	U00:〇	2
60	-0.3131063474730489
61	0.3131063474730548
62	U09:年/代	2
62	0.0983661240499780
63	-0.0983661240499749
64	U01:〇	2
64	0.0983661240499780
65	-0.0983661240499749
66	U03:〇	2
66	0.1239844030531333
67	-0.1239844030531222
68	U08:め/、	2
68	0.1086532692002969
69	-0.1086532692003156
70	U01:６	2
70	0.3080093369782538
71	-0.3080093369782557
72	U00:官	2
72	0.2136577586938287
73	-0.2136577586938349
74	U02:ク	2
74	-0.0000101547651408
75	0.0000101547651408
76	U05:ネ/ル/ギ	2
76	-0.1641073993339263
77	0.1641073993339173
78	U00:償	2
78	0.0420080218903299
79	-0.0420080218903299
80	U03:官	2
80	0.2155199462650508
81	-0.2155199462650586
82	U08:補/償	2
82	-0.2916127508053002
83	0.2916127508052994
84	U01:長	2
84	-0.1602355242232157
85	0.1602355242232145
86	U04:償	2
86	0.1958031592410961
87	-0.1958031592410943
88	U03:者	2
88	-0.3303816222159346
89	0.3303816222159240
90	U00:験	2
90	0.0262621498240632
91	-0.0262621498240812
92	U08:助/教	2
92	-0.2158351481080887
93	0.2158351481080911
94	U01:験	2
94	0.2510886522797904
95	-0.2510886522798008
96	U01:実	2
96	-0.3227688440277498
97	0.3227688440277238
98	U03:験	2
98	0.1243643830031867
99	-0.1243643830031983
100	U08:人/体	2
100	-0.1719149192930728
101	0.1719149192930584
102	U04:験	2
102	-0.1719149192930728
103	0.1719149192930584
104	U09:人/体	2
104	0.1814941068365998
105	-0.1814941068366110
106	U04:実	2
106	0.0446795406747154
107	-0.0446795406747422
108	U00:ト	2
108	-0.1534808788277328
109	0.1534808788277343
110	U08:ン/ト	2
110	-0.1444888713339283
111	0.1444888713339284
112	U02:る	2
112	-1.0545176294559377
113	1.0545176294558964
114	U03:ス	2
114	-0.3337520883523203
115	0.3337520883523118
116	U00:っ	2
116	0.2805008800353961
117	-0.2805008800354021
118	U02:子	2
118	-0.4018027350404872
119	0.4018027350404926
120	U03:理	2
120	-0.3661554159002932
121	0.3661554159002944
122	U09:身/。	2
122	-0.2113578517922941
123	0.2113578517922952
124	U00:め	2
124	0.1173843281060161
125	-0.1173843281060455
126	U02:ギ	2
126	-0.1641073993339263
127	0.1641073993339173
128	U03:が	2
128	-0.2802799576147428
129	0.2802799576147415
130	U05:著/書/に	2
130	0.0626551193356839
131	-0.0626551193356813
132	U03:や	2
132	-0.2910890996414155
133	0.2910890996414132
134	U02:〇	2
134	0.1224762187662912
135	-0.1224762187662836
136	U03:関	2
136	0.2299435601311381
137	-0.2299435601311458
138	U03:る	2
138	0.3029544028227921
139	-0.3029544028228266
140	U02:が	2
140	0.0955460001699180
141	-0.0955460001699228
142	U04:市	2
142	0.0803859122916971
143	-0.0803859122917071
144	U00:顧	2
144	0.1807245772495470
145	-0.1807245772495484
146	U09:長/。	2
146	0.1761864365393217
147	-0.1761864365393174
148	U01:政	2
148	-0.4618502454773041
149	0.4618502454773080
150	U06:部/卒/。	2
150	0.1823518206431844
151	-0.1823518206431841
152	U09:」/「	2
152	0.2922925861167888
153	-0.2922925861167798
154	U03:政	2
154	0.0090997782205967
155	-0.0090997782205997
156	U09:、/国	2
156	0.1213532520206792
157	-0.1213532520206917
158	U01:の	2
158	0.9193752405717271
159	-0.9193752405717438
160	U01:っ	2
160	-0.0001954316139725
161	0.0001954316139725
162	U03:身	2
162	0.1883203557034910
163	-0.1883203557034906
164	U01:者	2
164	0.2383401773092043
165	-0.2383401773092101
166	U03:代	2
166	0.0983661240499780
167	-0.0983661240499749
168	U01:る	2
168	0.2593134974577859
169	-0.2593134974578319
170	U00:生	2
170	0.1327129571750576
171	-0.1327129571750568
172	U00:長	2
172	0.2223898935625249
173	-0.2223898935625313
174	U09:て/い	2
174	0.1875972162587707
175	-0.1875972162587745
176	U01:議	2
176	0.2264035939292306
177	-0.2264035939292386
178	U09:教/授	2
178	0.0325202311825188
179	-0.0325202311825215
180	U02:授	2
180	-0.3735623812803254
181	0.3735623812803288
182	U06:〇/年/代	2
182	0.0983661240499780
183	-0.0983661240499749
184	U07:ン/ト/ン	2
184	-0.1369766317170229
185	0.1369766317170227
186	U01:す	2
186	-0.0266045019117767
187	0.0266045019117666
188	U05:人/体/実	2
188	0.1243643830031867
189	-0.1243643830031983
190	U02:記	2
190	0.2969851309701546
191	-0.2969851309701546
192	U00:、	2
192	-0.8675636987528904
193	0.8675636987528196
194	U03:う	2
194	0.1166310258889698
195	-0.1166310258889740
196	U07:出/身/。	2
196	0.1883203557034910
197	-0.1883203557034906
198	U00:者	2
198	0.0058676442216497
199	-0.0058676442216598
200	U00:態	2
200	0.0251126793302293
201	-0.0251126793302399
202	U01:態	2
202	0.1775850630676873
203	-0.1775850630676981
204	U00:」	2
204	0.3005523962345455
205	-0.3005523962345393
206	U03:明	2
206	0.1398197541906651
207	-0.1398197541906719
208	U04:明	2
208	0.1266848488313831
209	-0.1266848488313898
210	U00:記	2
210	0.1517909849222538
211	-0.1517909849222485
212	U00:実	2
212	0.3766698130285166
213	-0.3766698130285386
214	U00:て	2
214	-0.0679534301484224
215	0.0679534301484095
216	U04:に	2
216	-0.1046192751485152
217	0.1046192751484964
218	U01:ル	2
218	-0.0137978328365210
219	0.0137978328365107
220	U04:政	2
220	-0.0771525904641818
221	0.0771525904641802
222	U09:一/氏	2
222	-0.3202513011356202
223	0.3202513011356162
224	U04:ル	2
224	-0.0288131284616931
225	0.0288131284616837
226	U09:長/官	2
226	0.2155199462650508
227	-0.2155199462650586
228	U04:イ	2
228	-0.0049086215185969
229	0.0049086215185954
230	U04:大	2
230	-0.1815110454155941
231	0.1815110454155976
232	U01:記	2
232	-0.2000361381855816
233	0.2000361381855827
234	U00:国	2
234	-0.1331853327904325
235	0.1331853327904226
236	U09:卒/。	2
236	0.1823518206431844
237	-0.1823518206431841
238	U01:国	2
238	-0.3544024176688575
239	0.3544024176688438
240	U04:国	2
240	0.0133670068206328
241	-0.0133670068206320
242	U09:９/３	2
242	0.0255811489927198
243	-0.0255811489927195
244	U01:て	2
244	0.6200263758668181
245	-0.6200263758668306
246	U06:ど/。/_B+1	2
246	0.0138814313829341
247	-0.0138814313829329
248	U08:経/て	2
248	0.3797854398369529
249	-0.3797854398369497
250	U08:長/官	2
250	-0.3043239835768208
251	0.3043239835768151
252	U09:経/て	2
252	0.1876456542713379
253	-0.1876456542713360
254	U04:い	2
254	-0.1199548083721737
255	0.1199548083721681
256	U03:て	2
256	-0.3096215441891794
257	0.3096215441891735
258	U01:を	2
258	0.9723270338433833
259	-0.9723270338434459
260	U09:を/経	2
260	0.1142126391181355
261	-0.1142126391181318
262	U02:や	2
262	0.0142473123979632
263	-0.0142473123979631
264	U01:一	2
264	0.3746821501659470
265	-0.3746821501659450
266	U03:ネ	2
266	0.1459006742443394
267	-0.1459006742443514
268	U01:文	2
268	-0.4440994804851404
269	0.4440994804851462
270	U04:て	2
270	-0.0003423579240610
271	0.0003423579240611
272	U03:経	2
272	0.1142126391181355
273	-0.1142126391181318
274	U00:エ	2
274	-0.1371821878926880
275	0.1371821878926840
276	U00:ー	2
276	0.2103478973047559
277	-0.2103478973047631
278	U04:経	2
278	-0.0242080989185215
279	0.0242080989185232
280	U09:っ/て	2
280	-0.1716891516721420
281	0.1716891516721335
282	U00:さ	2
282	-0.2736609194437636
283	0.2735616158215405
284	U01:ワ	2
284	-0.2759137128568789
285	0.2759137128568760
286	U02:文	2
286	0.0711468060314866
287	-0.0400209596596508
288	U02:ワ	2
288	0.0001614007886911
289	-0.0001614007886911
290	U04:る	2
290	0.2995887411291324
291	-0.2995887411291581
292	U00:十	2
292	-0.0470403317875489
293	0.0470403317875492
294	U06:長/。/_B+1	2
294	0.0125144996583095
295	-0.0125144996583095
296	U02:ス	2
296	-0.2497403289207626
297	0.2497403289207522
298	U05:な/ど/。	2
298	0.0138814313829341
299	-0.0138814313829329
300	U00:文	2
300	0.1579997317893783
301	-0.1579997317893728
302	U09:歳/。	2
302	0.3029796358135182
303	-0.3029796358135183
304	U03:文	2
304	0.1124182807105357
305	-0.1124182807105307
306	U00:助	2
306	-0.1682385177991411
307	0.1682385177991430
308	U09:助/教	2
308	0.1273662824051415
309	-0.1273662824051396
310	U07:助/教/授	2
310	0.1273662824051415
311	-0.1273662824051396
312	U03:ワ	2
312	0.1282156139739712
313	-0.1282156139739739
314	U08:問/題	2
314	-0.2526592322364511
315	0.2526592322364465
316	U02:助	2
316	0.1273662824051415
317	-0.1273662824051396
318	U01:助	2
318	-0.2158351481080887
319	0.2158351481080911
320	U01:調	2
320	-0.3772322211034964
321	0.3772322211034867
322	U06:学/部/卒	2
322	-0.1830646178305873
323	0.1830646178305885
324	U01:、	2
324	1.1973147365984533
325	-1.1971023140142392
326	U03:リ	2
326	-0.1418611434234634
327	0.1418611434234600
328	U04:身	2
328	0.3542770909783711
329	-0.3542770909783699
330	U02:四	2
330	0.0640987982030660
331	-0.0640987982030597
332	U03:授	2
332	0.0325202311825188
333	-0.0325202311825215
334	U02:に	2
334	0.8897240878452454
335	-0.8897240878452656
336	U02:・	2
336	0.5006848604390318
337	-0.5006848604390344
338	U04:だ	2
338	0.2928704593790958
339	-0.2928704593791056
340	U08:氏/、	2
340	0.0961166885980637
341	-0.0961166885980641
342	U08:〇/年	2
342	0.0983661240499780
343	-0.0983661240499749
344	U02:顧	2
344	0.2334963129163234
345	-0.2334963129163240
346	U04:防	2
346	-0.0025614580009623
347	0.0025614580009594
348	U00:府	2
348	0.0126745110378850
349	-0.0126745110378889
350	U07:年/東/大	2
350	0.1480769246486179
351	-0.1480769246486183
352	U00:省	2
352	0.2387365965108711
353	-0.2387365965109048
354	U08:_B-1/６	2
354	0.0549725073933588
355	-0.0549725073933598
356	U04:代	2
356	0.1224762187662912
357	-0.1224762187662836
358	U05:部/卒/。	2
358	0.0103314462002822
359	-0.0103314462002821
360	U03:エ	2
360	0.0093682952029540
361	-0.0093682952029555
362	U04:ギ	2
362	-0.1187997084349755
363	0.1187997084349728
364	U07:〇/年/代	2
364	0.1224762187662912
365	-0.1224762187662836
366	U03:歳	2
366	0.2156012088616770
367	-0.2156012088616778
368	U08:、/国	2
368	0.0921727864632862
369	-0.0921727864632988
370	U00:東	2
370	0.1851402011035342
371	-0.1851402011035332
372	U01:ど	2
372	0.1899923388663781
373	-0.1899923388663642
374	U03:記	2
374	-0.3970998421337347
375	0.3970998421337357
376	U07:ど/。/_B+1	2
376	-0.1613810117387122
377	0.1613810117387237
378	U02:　	2
378	0.3117077011973791
379	-0.3117077011973775
380	U06:な/ど/。	2
380	-0.1613810117387122
381	0.1613810117387237
382	U02:ど	2
382	-0.3581624527802307
383	0.3581624527802437
384	U08:」/な	2
384	0.0748531049883064
385	-0.0748531049883003
386	U07:長/。/_B+1	2
386	0.1761864365393217
387	-0.1761864365393174
388	U00:代	2
388	-0.2416780607383077
389	0.2416780607383084
390	U03:書	2
390	0.0280973645410804
391	-0.0280973645410791
392	U07:歳/。/_B+1	2
392	0.3029796358135182
393	-0.3029796358135183
394	U09:東/大	2
394	0.1500577138287616
395	-0.1500577138287612
396	U02:書	2
396	-0.1150074381698276
397	0.1150074381698302
398	U02:著	2
398	0.0280973645410804
399	-0.0280973645410791
400	U02:ル	2
400	-0.4077730685216724
401	0.4077730685216594
402	U08:さ/れ	2
402	0.2421249019979543
403	-0.2421249019979628
404	U01:エ	2
404	-0.1187997084349755
405	0.1187997084349728
406	U02:態	2
406	-0.1371346738677282
407	0.1371346738677167
408	U00:政	2
408	0.3032286154028441
409	-0.3032286154028437
410	U03:補	2
410	0.1958031592410961
411	-0.1958031592410943
412	U08:出/身	2
412	-0.2113578517922941
413	0.2113578517922952
414	U07:な/ど/。	2
414	0.0748531049883064
415	-0.0748531049883003
416	U00:議	2
416	-0.1009986706216973
417	0.1009986706216788
418	U06:_B-1/著/書	2
418	0.0280973645410804
419	-0.0280973645410791
420	U03:は	2
420	-0.1930278031988337
421	0.1930278031988146
422	U02:う	2
422	-0.3621890139165559
423	0.3621890139165522
424	U04:ト	2
424	-0.3923364521806245
425	0.3923364521806265
426	U09:エ/ネ	2
426	0.1459006742443394
427	-0.1459006742443514
428	U00:す	2
428	-0.0045370961022199
429	0.0045370961022166
430	U04:４	2
430	0.2639276966261015
431	-0.2639276966260988
432	U00:ネ	2
432	-0.1641073993339263
433	0.1641073993339173
434	U03:の	2
434	-0.1754853630712582
435	0.1754853630712456
436	U06:体/実/験	2
436	0.1243643830031867
437	-0.1243643830031983
438	U03:ト	2
438	-0.5989490676279658
439	0.5989490676279680
440	U00:教	2
440	0.1319280102689304
441	-0.1319285804205902
442	U02:ン	2
442	-0.8302227965242794
443	0.8302227965242890
444	U04:日	2
444	0.1631984509454867
445	-0.1631984509454867
446	U02:は	2
446	0.7611863100179721
447	-0.7349682740460287
448	U02:市	2
448	0.0476070687983408
449	-0.0476070687983457
450	U01:会	2
450	-0.3382775266166073
451	0.3382775266166073
452	U03:生	2
452	-0.1425202634965020
453	0.1425202634965047
454	U02:「	2
454	0.7267393215957921
455	-0.7267393215957854
456	U07:部/卒/。	2
456	-0.1389140419642768
457	0.1389140419642778
458	U09:に/「	2
458	0.1849173582222884
459	-0.1849173582222898
460	U03:っ	2
460	-0.0746901621673053
461	0.0746901621672982
462	U00:ル	2
462	-0.0428617564373426
463	0.0428617564373350
464	U00:題	2
464	0.1427950243057562
465	-0.1427950243057532
466	U03:京	2
466	0.3259441383034982
467	-0.3259441383034964
468	U09:年/東	2
468	0.1946831320565982
469	-0.1946831320565986
470	U08:国/防	2
470	-0.1512909622602371
471	0.1512909622602227
472	U08:著/書	2
472	-0.1150074381698276
473	0.1150074381698302
474	U02:リ	2
474	-0.4113879775295703
475	0.4113879775295716
476	U07:書/に/「	2
476	-0.1150074381698276
477	0.1150074381698302
478	U02:体	2
478	-0.1719149192930728
479	0.1719149192930584
480	U03:だ	2
480	-0.2215276389521741
481	0.2215276389521658
482	U06:著/書/に	2
482	-0.1150074381698276
483	0.1150074381698302
484	U03:９	2
484	0.0883467048028747
485	-0.0883467048028740
486	U00:一	2
486	0.2407970809718102
487	-0.2407970809718071
488	U09:氏/（	2
488	0.1763940157306806
489	-0.1763940157306802
490	U02:験	2
490	-0.2257873447444198
491	0.2257873447444043
492	U02:実	2
492	0.2082320725561042
493	-0.2082320725561290
494	U00:集	2
494	0.1262635456213693
495	-0.1262635456213809
496	U06:」/な/ど	2
496	0.0748531049883064
497	-0.0748531049883003
498	U00:会	2
498	0.1317779096656600
499	-0.1317779096656584
500	U02:議	2
500	-0.3996990082037869
501	0.3996990082037716
502	U09:部/卒	2
502	-0.1830646178305873
503	0.1830646178305885
504	U00:リ	2
504	-0.0631189081428662
505	0.0631189081428598
506	U02:ま	2
506	0.0585838796322492
507	-0.0585838796322497
508	U00:９	2
508	0.2155013686780747
509	-0.1861773843943254
510	U03:で	2
510	-0.0240844984389246
511	0.0240844984389198
512	U05:_B-2/_B-1/著	2
512	0.0280973645410804
513	-0.0280973645410791
514	U04:３	2
514	0.0151605824924175
515	-0.0151605824924154
516	U04:「	2
516	-0.1552649848460266
517	0.1552649848460263
518	U02:明	2
518	-0.0896749924904381
519	0.0896749924904289
520	U03:ら	2
520	0.0808139004077785
521	-0.0808139004077753
522	U01:補	2
522	-0.2916127508053002
523	0.2916127508052994
524	U00:な	2
524	0.0543265381378589
525	-0.0543265381378457
526	U04:氏	2
526	0.4785953205321682
527	-0.4785948326694964
528	U03:・	2
528	-0.6816663520881094
529	0.6816663520881041
530	U08:東/大	2
530	-0.2719584015333771
531	0.2719584015333782
532	U06:歳/。/_B+1	2
532	0.0179387362535132
533	-0.0179387362535131
534	U03:ル	2
534	-0.4866489490594293
535	0.4866489490594175
536	U04:」	2
536	-0.1510170292113226
537	0.1510170292113225
538	U09:氏/、	2
538	0.2347954819073255
539	-0.2347954819073267
540	U03:５	2
540	0.1277758894180949
541	-0.1277758894180949
542	U07:著/書/に	2
542	0.0280973645410804
543	-0.0280973645410791
544	U08:を/経	2
544	0.1876456542713379
545	-0.1876456542713360
546	U00:と	2
546	-0.0759005290445784
547	0.0759005290445577
548	U06:９/３/年	2
548	0.1134210620180297
549	-0.1134210620180286
550	U06:ル/ギ/ー	2
550	-0.1641073993339263
551	0.1641073993339173
552	U01:理	2
552	-0.4174480349818343
553	0.4174480349818367
554	U05:_B-1/著/書	2
554	-0.1150074381698276
555	0.1150074381698302
556	U01:」	2
556	0.6572811127245168
557	-0.6572811127245066
558	U04:と	2
558	-0.0075980327338414
559	0.0075980327338321
560	U03:顧	2
560	-0.2062730139270179
561	0.2062730139270184
562	U03:長	2
562	-0.2602966148728125
563	0.2602966148728106
564	U01:　	2
564	0.7715114765600288
565	-0.7715114765600330
566	U01:関	2
566	-0.1837068155138941
567	0.1837068155138923
568	U01:た	2
568	0.0686843724927728
569	-0.0686843724927989
570	U05:年/東/大	2
570	-0.1895777606921601
571	0.1895777606921615
572	U08:ど/。	2
572	0.0138814313829341
573	-0.0138814313829329
574	U08:」/「	2
574	0.3339653868910810
575	-0.3339653868910725
576	U02:ア	2
576	-0.2320761323839956
577	0.2320761323839893
578	U05:体/実/験	2
578	-0.2257873447444198
579	0.2257873447444043
580	U05:_B-2/_B-1/　	2
580	0.1318137336531356
581	-0.1318137336531366
582	U04:長	2
582	-0.2498106506274879
583	0.2498106506274835
584	U09:出/身	2
584	0.1883203557034910
585	-0.1883203557034906
586	U08:っ/て	2
586	0.1995514367063023
587	-0.1995514367063037
588	U00:７	2
588	0.2033621452277417
589	-0.2033621452277406
590	U02:調	2
590	0.1713451144071710
591	-0.1713451144071815
592	U00:大	2
592	-0.7096667238014633
593	0.7096667238014717
594	U06:を/経/て	2
594	0.1876456542713379
595	-0.1876456542713360
596	U04:教	2
596	-0.1125293765834209
597	0.1125293765834263
598	U00:学	2
598	-0.0001142315165624
599	0.0001142315165624
600	U01:題	2
600	0.1741710255282026
601	-0.1741710255282027
602	U00:８	2
602	0.1553795951508416
603	-0.1553795951508413
604	U02:部	2
604	-0.1830646178305873
605	0.1830646178305885
606	U04:や	2
606	0.1784304537547676
607	-0.1784304537547691
608	U08:氏/（	2
608	0.1874449534424151
609	-0.1874449534424167
610	U04:議	2
610	0.1015216619855800
611	-0.1015216619856038
612	U04:部	2
612	0.2234475395501827
613	-0.2234475395501810
614	U05:書/に/「	2
614	0.0983795858565389
615	-0.0983795858565363
616	U09:３/年	2
616	0.1938690179214393
617	-0.1938690179214389
618	U05:を/経/て	2
618	0.3797854398369529
619	-0.3797854398369497
620	U05:学/部/卒	2
620	0.2439668356892176
621	-0.2439668356892163
622	U07:ル/ギ/ー	2
622	-0.1371821878926880
623	0.1371821878926840
624	U09:ネ/ル	2
624	-0.1187997084349755
625	0.1187997084349728
626	U02:出	2
626	0.2639410709643603
627	-0.2639410709643598
628	U02:８	2
628	0.1700190010350007
629	-0.1700190010350008
630	U05:ン/ト/ン	2
630	-0.1112146031387932
631	0.1112146031387930
632	U09:〇/年	2
632	0.1224762187662912
633	-0.1224762187662836
634	U01:_B-1	2
634	0.7203597076115497
635	-0.7203597076115488
636	U00:ら	2
636	0.0039266656116540
637	-0.0039266656116535
638	U04:。	2
638	0.2095609178965992
639	-0.2095609178966202
640	U00:６	2
640	0.2969871183917032
641	-0.2969871183917056
642	U04:の	2
642	0.1040442959537505
643	-0.1040442959537518
644	U01:償	2
644	0.1788132925542016
645	-0.1788132925542031
646	U02:」	2
646	0.9533775125870605
647	-0.9533775125870465
648	U03:体	2
648	0.1814941068365998
649	-0.1814941068366110
650	U03:日	2
650	0.5772171941910043
651	-0.5772171941910081
652	U07:９/３/年	2
652	0.0255811489927198
653	-0.0255811489927195
654	U06:ン/ト/ン	2
654	-0.1444888713339283
655	0.1444888713339284
656	U01:出	2
656	-0.0813066160735550
657	0.0813066160735550
658	U01:市	2
658	-0.1530464507107998
659	0.1530464507107963
660	U09:ン/ト	2
660	-0.1369766317170229
661	0.1369766317170227
662	U04:っ	2
662	-0.0237526969605222
663	0.0237526969605198
664	U03:い	2
664	-0.0617987537840812
665	0.0617987537840733
666	U02:大	2
666	-0.5215776315118782
667	0.5215776315118830
668	U04:う	2
668	-0.0992649289733041
669	0.0992649289733007
670	U05:出/身/。	2
670	0.0151474134282874
671	-0.0151474134282872
672	U00:う	2
672	-0.2692077503148468
673	0.2692077503148431
674	U04:_B+1	2
674	-0.1478964868109107
675	0.1470306199634195
676	U07:身/。/_B+1	2
676	-0.2113578517922941
677	0.2113578517922952
678	U02:卒	2
678	0.2439668356892176
679	-0.2439668356892163
680	U09:ト/ン	2
680	-0.1444888713339283
681	0.1444888713339284
682	U00:体	2
682	-0.2257873447444198
683	0.2257873447444043
684	U01:教	2
684	-0.3735623812803254
685	0.3735623812803288
686	U02:者	2
686	0.2502800284978821
687	-0.2502800284978942
688	U01:書	2
688	0.0626551193356839
689	-0.0626551193356813
690	U04:東	2
690	0.1942022814109657
691	-0.1942022814109658
692	U05:」/な/ど	2
692	-0.1613810117387122
693	0.1613810117387237
694	U01:）	2
694	0.3946014945655322
695	-0.3946014945655480
696	U01:ア	2
696	-0.3365157553554940
697	0.3365157553554869
698	U08:な/ど	2
698	-0.3581624527802307
699	0.3581624527802437
700	U01:と	2
700	0.5913239967257800
701	-0.5913239967258032
702	U02:っ	2
702	-0.2369132344518966
703	0.2369132344518900
704	U00:が	2
704	-0.3007691024516198
705	0.3007691024516167
706	U02:）	2
706	0.4522402335775167
707	-0.4522402335775313
708	U03:す	2
708	-0.3834769509527073
709	0.3834769509526872
710	U04:ら	2
710	0.1110595360949420
711	-0.1110595360949366
712	U01:著	2
712	-0.1150074381698276
713	0.1150074381698302
714	U01:日	2
714	-0.1276843245289666
715	0.1276843245289523
716	U07:を/経/て	2
716	0.1142126391181355
717	-0.1142126391181318
718	U02:一	2
718	-0.0299926225438768
719	0.0299926225438771
720	U03:と	2
720	-0.1616878985897552
721	0.1616878985897338
722	U08:卒/。	2
722	0.0103314462002822
723	-0.0103314462002821
724	U02:イ	2
724	-0.2774204249890124
725	0.2774204249890062
726	U08:身/。	2
726	0.0151474134282874
727	-0.0151474134282872
728	U04:文	2
728	0.0488664151997614
729	-0.0488664151997584
730	U03:卒	2
730	-0.1830646178305873
731	0.1830646178305885
732	U03:を	2
732	-0.4320942851937418
733	0.4320942851936903
734	U00:１	2
734	0.2669097491327509
735	-0.2669097491327493
736	U01:ギ	2
736	-0.2558342289666133
737	0.2558342289666043
738	U03:氏	2
738	-0.4434836315167860
739	0.4433385029949699
740	U05:_B-2/_B-1/６	2
740	0.0549725073933588
741	-0.0549725073933598
742	U01:歳	2
742	0.0179387362535132
743	-0.0179387362535131
744	U04:助	2
744	-0.3628342465899096
745	0.3628342465899119
746	U02:東	2
746	0.1956130939025346
747	-0.1956130939025338
748	U08:年/東	2
748	0.1758052677704861
749	-0.1758052677704849
750	U09:顧/問	2
750	0.2334963129163234
751	-0.2334963129163240
752	U03:議	2
752	0.2591263204678748
753	-0.2591263204678881
754	U02:ト	2
754	-0.6332230642367598
755	0.6332230642367651
756	U08:ル/ギ	2
756	-0.1641073993339263
757	0.1641073993339173
758	U03:。	2
758	-0.1295726741258967
759	0.1287935068202286
760	U02:政	2
760	0.4663358339785285
761	-0.4663358339785281
762	U07:。/_B+1/_B+2	2
762	0.3428429264474036
763	-0.3977259934103318
764	U09:体/実	2
764	-0.1719149192930728
765	0.1719149192930584
766	U00:い	2
766	0.0693989712530181
767	-0.0693989712530273
768	U08:書/に	2
768	0.0626551193356839
769	-0.0626551193356813
770	U00:）	2
770	-0.4251815982790799
771	0.4251815982790815
772	U01:ホ	2
772	-0.1873435621802127
773	0.1873435621802058
774	U04:人	2
774	-0.0845979948397627
775	0.0845984265793127
776	U02:３	2
776	0.4247677042287250
777	-0.4247677042287200
778	U01:り	2
778	-0.1669525131839632
779	0.1669525131839693
780	U09:実/験	2
780	0.1243643830031867
781	-0.1243643830031983
782	U04:ワ	2
782	0.0584581847847355
783	-0.0584581847847330
784	U03:償	2
784	0.1716142652717733
785	-0.1716142652717744
786	U02:な	2
786	0.3415021425629380
787	-0.3414402363482962
788	U00:ま	2
788	-0.1384443057604209
789	0.1384443057604177
790	U04:忠	2
790	0.1065192801106558
791	-0.1065192801106542
792	U04:す	2
792	0.0378452778285860
793	-0.0378452778286103
794	U03:実	2
794	-0.0531130891575766
795	0.0531130891575613
796	U02:９	2
796	0.2126862452825390
797	-0.2126901005659540
798	U04:題	2
798	-0.1292947216636418
799	0.1292947216636433
800	U00:に	2
800	-0.1991902260759481
801	0.1991902260759329
802	U04:一	2
802	-0.6585589596623904
803	0.6585589596623914
804	U00:５	2
804	0.2086778959481682
805	-0.2086778959481715
806	U04:出	2
806	-0.5403840377068883
807	0.5403840377068881
808	U02:き	2
808	-0.2025669383806862
809	0.2025669383806802
810	U00:（	2
810	-0.5528636729099502
811	0.5528636729099359
812	U03:府	2
812	0.0001708608531872
813	-0.0001708608531872
814	U02:身	2
814	-0.2113578517922941
815	0.2113578517922952
816	U03:東	2
816	0.1946831320565982
817	-0.1946831320565986
818	U00:か	2
818	-0.0762390503401833
819	0.0762390503401768
820	U01:四	2
820	0.1114879760161246
821	-0.1114879760161207
822	U02:官	2
822	-0.3043239835768208
823	0.3043239835768151
824	U04:記	2
824	0.0461406606926934
825	-0.0461406606926918
826	U07:人/体/実	2
826	0.1814941068365998
827	-0.1814941068366110
828	U01:め	2
828	-0.0002020932606336
829	0.0002020932606339
830	U01:１	2
830	0.2676424598198230
831	-0.2676424598198194
832	U04:ど	2
832	-0.0038954350169187
833	0.0038954350169262
834	U07:」/な/ど	2
834	0.1753697860250056
835	-0.1753697860249995
836	U02:（	2
836	0.3378025477090598
837	-0.3378025477090771
838	U01:大	2
838	0.3470530317633454
839	-0.3470530317633392
840	U04:か	2
840	0.1809034039498267
841	-0.1809034039498187
842	U09:学/部	2
842	-0.1590111253829693
843	0.1590111253829701
844	U05:助/教/授	2
844	-0.1682385177991411
845	0.1682385177991430
846	U00:ン	2
846	-0.2965085916930158
847	0.2965085916930182
848	U00:イ	2
848	-0.0477434389045963
849	0.0477434389045918
850	U04:者	2
850	0.0479704331286293
851	-0.0479704331286394
852	U01:８	2
852	0.2214176701439396
853	-0.2214176701439414
854	U01:子	2
854	-0.0561349047591651
855	0.0561349047591681
856	U00:れ	2
856	0.2876816806507481
857	-0.2876816806507613
858	U00:氏	2
858	0.4968872572341508
859	-0.4968872572341543
860	U02:経	2
860	0.1876456542713379
861	-0.1876456542713360
862	U04:き	2
862	0.1486269798535711
863	-0.1486269798535768
864	U03:忠	2
864	-0.1373490348654231
865	0.1373490348654250
866	U04:理	2
866	-0.0191038201579917
867	0.0191038201579920
868	U00:ど	2
868	-0.0250357915666972
869	0.0250357915666987
870	U01:が	2
870	0.1494769753252093
871	-0.1494769753252204
872	U02:。	2
872	0.3974004333235833
873	-0.3977259934103318
874	U02:ら	2
874	-0.1680635699624327
875	0.1680635699624349
876	U04:ス	2
876	-0.1881440390125408
877	0.1881440390125306
878	U03:た	2
878	0.0635456974192099
879	-0.0635456974192320
880	U02:京	2
880	0.1724268335066839
881	-0.1724268335066808
882	U04:ー	2
882	-0.2524647002495333
883	0.2524647002495298
884	U03:大	2
884	-0.0467451333463735
885	0.0467451333463735
886	U09:書/に	2
886	-0.1150074381698276
887	0.1150074381698302
888	U04:顧	2
888	0.2359286996113826
889	-0.2359286996113829
890	U02:ネ	2
890	-0.1187997084349755
891	0.1187997084349728
892	U04:を	2
892	0.3965284221509383
893	-0.3965284221509977
894	U00:　	2
894	-0.5381773344292931
895	0.5382295995340874
896	U09:さ/れ	2
896	0.1799625062830002
897	-0.1799625062830066
898	U02:ー	2
898	-0.6722210642771501
899	0.6722210642771415
900	U03:）	2
900	-0.6864789979198297
901	0.6864789979198154
902	U04:な	2
902	-0.0503717963905724
903	0.0503717963905775
904	U03:省	2
904	-0.4589362791020796
905	0.4589362791020428
906	U04:_B+2	2
906	0.2558663857119403
907	-0.3303138902894487
908	U00:補	2
908	0.1788132925542016
909	-0.1788132925542031
910	U03:問	2
910	0.0571252305963934
911	-0.0571252305963968
912	U08:部/卒	2
912	0.2439668356892176
913	-0.2439668356892163
914	U00:で	2
914	-0.2894517438019529
915	0.2894517438019488
916	U01:は	2
916	0.6341857923765004
917	-0.6341857923765326
918	U03:き	2
918	0.2431547940813602
919	-0.2431547940813693
920	U01:「	2
920	1.1193986729996328
921	-1.1193986729996177
922	U03:れ	2
922	0.3028616347453638
923	-0.3028616347453695
924	U09:め/、	2
924	-0.2301983027558157
925	0.2301983027557985
926	U05:９/３/年	2
926	0.1255037044688342
927	-0.0961872424018362
928	U03:防	2
928	0.1397544697233562
929	-0.1397544697233721
930	U01:に	2
930	0.5808542400218821
931	-0.5808542400219019
932	U03:態	2
932	0.0951287935457859
933	-0.0951287935457987
934	U00:理	2
934	-0.1181123359045568
935	0.1181123359045589
936	U01:ネ	2
936	-0.1371821878926880
937	0.1371821878926840
938	U04:授	2
938	0.0647394777982292
939	-0.0647394777982251
940	U00:京	2
940	0.1780879729338364
941	-0.1780879729338337
942	U06:書/に/「	2
942	0.0626551193356839
943	-0.0626551193356813
944	U02:教	2
944	0.0325202311825188
945	-0.0325202311825215
946	U01:部	2
946	0.2439668356892176
947	-0.2439668356892163
948	U06:人/体/実	2
948	-0.1719149192930728
949	0.1719149192930584
950	U03:さ	2
950	-0.1835197865346608
951	0.1835197865346559
952	U00:人	2
952	0.1800945375207081
953	-0.1800945375207232
954	U03:８	2
954	0.0225737616578125
955	-0.0225737616578128
956	U02:歳	2
956	0.3029796358135182
957	-0.3029796358135183
958	U08:一/氏	2
958	0.1461226514629570
959	-0.1461226514629619
960	U01:ン	2
960	0.0004850540308248
961	-0.0004850540308249
962	U00:_B-2	2
962	0.7203597076115497
963	-0.7203597076115488
964	U01:（	2
964	0.3781653684921373
965	-0.3781653684921525
966	U01:・	2
966	0.4286028637900426
967	-0.4286028637900490
968	U07:体/実/験	2
968	-0.1719149192930728
969	0.1719149192930584
970	U08:教/授	2
970	-0.3735623812803254
971	0.3735623812803288
972	U00:四	2
972	0.1796871915659643
973	-0.1796871915659623
974	U02:日	2
974	0.3070441055097267
975	-0.3070441055097331
976	U00:の	2
976	-0.9350867713133990
977	0.9350867713133812
978	U08:ト/ン	2
978	-0.1112146031387932
979	0.1112146031387930
980	U03:ま	2
980	0.0072912360668945
981	-0.0072912360668959
982	U03:ン	2
982	-0.7185141470572328
983	0.7185141470572387
984	U03:学	2
984	-0.2274642460861606
985	0.2274642460861650
986	U08:顧/問	2
986	-0.3178412174941374
987	0.3178412174941367
988	U04:体	2
988	0.2614915439474904
989	-0.2614915439475047
990	U04:）	2
990	-0.5964645177969684
991	0.5964645177969551
992	U02:理	2
992	0.3116705972547930
993	-0.3116705972547907
994	U02:た	2
994	0.4322484822887730
995	-0.4322484822887902
996	U00:き	2
996	-0.1185543646121234
997	0.1185543646121148
998	U01:ス	2
998	-0.1271535432995354
999	0.1271535432995187
1000	U01:体	2
1000	0.1243643830031867
1001	-0.1243643830031983
1002	U00:３	2
1002	0.4132910146084725
1003	-0.4132910146084657
1004	U01:問	2
1004	-0.0180330837726026
1005	0.0180330837725975
1006	U02:１	2
1006	0.1371320012137151
1007	-0.1371320012137131
1008	U04:は	2
1008	-0.0710143256076811
1009	0.0710143256076426
1010	U01:９	2
1010	0.2853673807437423
1011	-0.2853673807437412
1012	U02:償	2
1012	-0.2916127508053002
1013	0.2916127508052994
1014	U04:歳	2
1014	0.0628641971884432
1015	-0.0628641971884435
1016	U01:防	2
1016	-0.1347502141869013
1017	0.1347502141868886
1018	U02:て	2
1018	0.2746850549004870
1019	-0.2746850549004942
1020	U03:ク	2
1020	-0.0267000277460632
1021	0.0267000277460579
1022	U04:ク	2
1022	-0.0518390335575572
1023	0.0518390335575539
1024	U03:な	2
1024	-0.0771935457016720
1025	0.0771935457016810
1026	U03:（	2
1026	0.3034752086767422
1027	-0.3034752086767535
1028	U02:で	2
1028	0.3348535976188088
1029	-0.3348535976188050
1030	U08:実/験	2
1030	-0.2257873447444198
1031	0.2257873447444043
1032	U03:ど	2
1032	0.1781766116153623
1033	-0.1781766116153531
1034	U08:_B-1/著	2
1034	0.0280973645410804
1035	-0.0280973645410791
1036	U04:リ	2
1036	-0.1242724233693005
1037	0.1242724233692946
1038	U03:め	2
1038	0.2988955305222983
1039	-0.2988955305223426
1040	U04:り	2
1040	0.3897640229832470
1041	-0.3897640229832420
1042	U03:市	2
1042	-0.2336126010569161
1043	0.2336126010569115
1044	U01:ト	2
1044	-0.7220849445786218
1045	0.7220849445786180
1046	U08:学/部	2
1046	-0.1830646178305873
1047	0.1830646178305885
1048	U09:補/償	2
1048	0.1716142652717733
1049	-0.1716142652717744
1050	U00:り	2
1050	0.0212406445291179
1051	-0.0212406445291076
1052	U01:い	2
1052	-0.2383515928153934
1053	0.2383515928153823
1054	U02:い	2
1054	-0.3914357861370640
1055	0.3914357861370507
1056	U04:・	2
1056	-0.6035391599818943
1057	0.6035391599818899
1058	U01:き	2
1058	-0.0065205140106028
1059	0.0065205140105980
1060	U04:官	2
1060	-0.2036730543353350
1061	0.2036730543353298
1062	U03:３	2
1062	0.0791334258340805
1063	-0.0791334258340746
1064	U08:歳/。	2
1064	0.0179387362535132
1065	-0.0179387362535131
1066	U03:り	2
1066	0.0101415523355099
1067	-0.0101415523355052
1068	U01:５	2
1068	0.1677134856347363
1069	-0.1677134856347372
1070	U00:忠	2
1070	-0.0126289749728714
1071	0.0126289749728709
1072	U04:が	2
1072	0.0978319576141266
1073	-0.0978319576141327
1074	U08:に/「	2
1074	0.2216290811198215
1075	-0.2216290811198234
1076	U03:イ	2
1076	-0.2439126361743418
1077	0.2439126361743333
1078	B	4
1078	0.0872029475384538
1079	0.1099298112984816
1080	0.1123242021654293
1081	-0.3932419284083726
1082	U06:助/教/授	2
1082	-0.2158351481080887
1083	0.2158351481080911
1084	U00:経	2
1084	0.2111933926388709
1085	-0.2111933926388707
1086	U08:長/。	2
1086	0.0125144996583095
1087	-0.0125144996583095
1088	U00:ス	2
1088	-0.0441229560134494
1089	0.0441229560134371
1090	U04:ま	2
1090	0.1165488832274791
1091	-0.1165488832274786
1092	U02:さ	2
1092	0.1829360106164016
1093	-0.1829360106164087
1094	U00:著	2
1094	0.0626551193356839
1095	-0.0626551193356813
1096	U06:卒/。/_B+1	2
1096	0.0103314462002822
1097	-0.0103314462002821
1098	U07:学/部/卒	2
1098	-0.1590111253829693
1099	0.1590111253829701
1100	U02:会	2
1100	0.1844283450918538
1101	-0.1844283450918534
1102	U02:め	2
1102	-0.5931909652491250
1103	0.5931909652490952
1104	U03:ー	2
1104	-0.2259337145977185
1105	0.2259337145977150
1106	U04:で	2
1106	0.2003816051704852
1107	-0.2003816051704929
1108	U01:年	2
1108	0.5242881941288261
1109	-0.5242881941288184
1110	U07:卒/。/_B+1	2
1110	0.1823518206431844
1111	-0.1823518206431841
1112	U04:年	2
1112	0.4887360353627085
1113	-0.4887360353626997
1114	U06:年/東/大	2
1114	0.1302498876967129
1115	-0.1302498876967123
1116	U00:る	2
1116	-0.2336873739627176
1117	0.2336873739626739
1118	U01:３	2
1118	0.4371180789391976
1119	-0.4077842934590953
1120	U02:り	2
1120	-0.2975748164299083
1121	0.2975748164299122
1122	U09:ギ/ー	2
1122	-0.1641073993339263
1123	0.1641073993339173
1124	U00:ク	2
1124	-0.0537303741414087
1125	0.0537303741414052
1126	U03:、	2
1126	-0.1896251790813130
1127	0.1896251790812614
1128	U03:出	2
1128	0.4242956684217548
1129	-0.4242956684217547
1130	U03:４	2
1130	-0.0094172011449018
1131	0.0094172011449025
1132	U01:官	2
1132	0.1900899750995268
1133	-0.1900899750995337
1134	U00:「	2
1134	-0.7654391894008403
1135	0.7654391894008481
1136	U03:_B+1	2
1136	0.2558663857119403
1137	-0.3303138902894487
1138	U09:ど/。	2
1138	-0.1613810117387122
1139	0.1613810117387237
1140	U04:学	2
1140	-0.0321923824699386
1141	0.0321923824699429
1142	U01:ま	2
1142	-0.1357017937485119
1143	0.1357017937485124
1144	U01:府	2
1144	0.1615768132299120
1145	-0.1615768132299131
1146	U01:な	2
1146	-0.2548890911972591
1147	0.2548890911972670
1148	U04:（	2
1148	-0.5173471079043352
1149	0.5173471079043208
1150	U00:市	2
1150	-0.0940622971622538
1151	0.0940622971622479
1152	U01:顧	2
1152	-0.3178412174941374
1153	0.3178412174941367
1154	U00:部	2
1154	0.0647425686218959
1155	-0.0647425686218954
1156	U02:国	2
1156	0.2650456430733624
1157	-0.2650456430733740
1158	U01:人	2
1158	0.0001825963449895
1159	-0.0001825963449894
1160	U01:７	2
1160	0.1750957830430345
1161	-0.1750957830430330
1162	U03:会	2
1162	-0.3463603650644426
1163	0.3463603650644429
1164	U08:_B-1/　	2
1164	0.1318137336531356
1165	-0.1318137336531366
1166	U06:出/身/。	2
1166	-0.2113578517922941
1167	0.2113578517922952
1168	U01:経	2
1168	0.3797854398369529
1169	-0.3797854398369497
1170	U03:一	2
1170	-0.0001174647048841
1171	0.0001174647048841
1172	U01:氏	2
1172	0.3988986850353483
1173	-0.3988986850353516
1174	U00:子	2
1174	0.2229459535040687
1175	-0.2229459535040614
1176	U00:や	2
1176	-0.0688708134247056
1177	0.0688708134247032
1178	U02:補	2
1178	0.1716142652717733
1179	-0.1716142652717744
1180	U02:、	2
1180	1.0981422724726835
1181	-1.0981422724727452
1182	U09:な/ど	2
1182	0.1781766116153623
1183	-0.1781766116153531
1184	U02:だ	2
1184	0.1576286076564251
1185	-0.1576286076564345
1186	U03:「	2
1186	0.4089639229073646
1187	-0.4089639229073599
1188	U02:学	2
1188	-0.0438706009984209
1189	0.0438706009984248
1190	U04:会	2
1190	0.2350162194094962
1191	-0.2350162194094975
1192	U04:問	2
1192	-0.0000249390190929
1193	0.0000249390190930
1194	U00:_B-1	2
1194	0.0936652292551907
1195	-0.0936652733875418
1196	U03:年	2
1196	0.8154165139138124
1197	-0.8154165139138040
1198	U01:生	2
1198	-0.2876828756425820
1199	0.2876828756425833
1200	U08:３/年	2
1200	0.2033739796366329
1201	-0.1740494497293953
1202	U01:学	2
1202	-0.6276704566971939
1203	0.6276704566972022
1204	U02:省	2
1204	-0.6070200161290501
1205	0.6070200161290121
1206	U02:を	2
1206	0.9986197216695673
1207	-0.9986197216696436
1208	U00:を	2
1208	-0.7504476429547198
1209	0.7504476429546754
1210	U08:９/３	2
1210	0.1134210620180297
1211	-0.1134210620180286
1212	U01:４	2
1212	0.3296090821998947
1213	-0.3296090821998944
1214	U03:か	2
1214	0.2843740431202115
1215	-0.2843740431202052
1216	U04:卒	2
1216	-0.1590111253829693
1217	0.1590111253829701
1218	U06:エ/ネ/ル	2
1218	-0.1187997084349755
1219	0.1187997084349728
1220	U04:府	2
1220	0.1861600922222400
1221	-0.1861600922222404
1222	U00:関	2
1222	0.1987921518643691
1223	-0.1987921518643757
1224	U04:補	2
1224	0.1724112066256700
1225	-0.1724112066256706
1226	U02:人	2
1226	0.0847395003360941
1227	-0.0849567655496389
1228	U02:集	2
1228	-0.0842862065735733
1229	0.0842862065735643
1230	U00:た	2
1230	-0.1126967834060264
1231	0.1126967834060169
1232	U03:十	2
1232	0.1467316269203607
1233	-0.1467316269203650
1234	U09:。/_B+1	2
1234	0.3974004333235833
1235	-0.3977259934103318
1236	U03:人	2
1236	0.0508313292005515
1237	-0.0507677378249692
1238	U02:と	2
1238	0.3450320040127996
1239	-0.3450320040128269
1240	U02:か	2
1240	-0.1098557765347105
1241	0.1098557765347127
1242	U03:教	2
1242	0.0647394777982292
1243	-0.0647394777982251
1244	U01:ク	2
1244	0.0331707230192467
1245	-0.0331707230192315
1246	U02:年	2
1246	0.8322421142209515
1247	-0.8028946119238298
1248	U01:で	2
1248	0.3168472175693479
1249	-0.3168472175693476
1250	U02:れ	2
1250	0.0808938918227085
1251	-0.0808938918227146
1252	U06:身/。/_B+1	2
1252	0.0151474134282874
1253	-0.0151474134282872
1254	U01:授	2
1254	0.1319280102689304
1255	-0.1319285804205902
1256	U04:京	2
1256	-0.0704380624071614
1257	0.0704380624071624
1258	U01:う	2
1258	-0.0035697139884016
1259	0.0035697139884003
1260	U04:生	2
1260	0.0221836017720967
1261	-0.0221836017720954
1262	U01:省	2
1262	0.2600278062928901
1263	-0.2600278062929243
1264	U03:助	2
1264	-0.1427781871005837
1265	0.1427781871005865
1266	U01:ら	2
1266	0.0238349658114506
1267	-0.0238349658114464
1268	U03:集	2
1268	0.1322166252904450
1269	-0.1322166252904601
1270	U01:京	2
1270	-0.5295870334318563
1271	0.5295870334318591
1272	U04:態	2
1272	0.1231605974234403
1273	-0.1231605974234498
1274	U02:７	2
1274	0.1078312669217481
1275	-0.1078312669217465
1276	U02:ホ	2
1276	0.1225931987793879
1277	-0.1225931987793906
1278	U08:体/実	2
1278	0.1243643830031867
1279	-0.1243643830031983
1280	U02:長	2
1280	0.3339016940429237
1281	-0.3339016940429277
1282	U00:は	2
1282	0.1261218581177502
1283	-0.1556645932978647
1284	U09:ル/ギ	2
1284	-0.1371821878926880
1285	0.1371821878926840
1286	U00:ワ	2
1286	-0.2578628084772719
1287	0.2578628084772741
1288	U01:忠	2
1288	-0.2664109923710393
1289	0.2664109923710407
1290	U04:、	2
1290	-0.2990773241083719
1291	0.2991468225718018
1292	U03:」	2
1292	-0.1956073157808629
1293	0.1956073157808617
1294	U00:問	2
1294	0.3254700658787145
1295	-0.3254700658787166
1296	U02:氏	2
1296	0.7182895513555538
1297	-0.7182895513555588
1298	U01:か	2
1298	-0.4886260608153337
1299	0.4886260608153410
1300	U00:年	2
1300	-0.1243348471790816
1301	0.1243348471790849
1302	U04:た	2
1302	0.0438491487123122
1303	-0.0438491487123395
1304	U02:６	2
1304	0.0964821661339295
1305	-0.0964821661339300
1306	U01:ー	2
1306	-0.1703784914843521
1307	0.1703784914843452
1308	U02:題	2
1308	-0.2526592322364511
1309	0.2526592322364465
1310	U01:東	2
1310	-0.4743981291892468
1311	0.4743981291892483
1312	U02:問	2
1312	-0.0805722630552691
1313	0.0805722630552628
1314	U01:卒	2
1314	0.0647425686218959
1315	-0.0647425686218954
1316	U00:書	2
1316	0.0983795858565389
1317	-0.0983795858565363
1318	U02:４	2
1318	0.3236301177740202
1319	-0.3236301177740197
1320	U02:の	2
1320	0.8182877440791332
1321	-0.8182877440791496
1322	U03:題	2
1322	0.1724768759182094
1323	-0.1724768759182122
1324	U04:ン	2
1324	-0.1542352893445211
1325	0.1542352893445180
1326	U04:め	2
1326	0.2037321054676066
1327	-0.2037321054676348
1328	U01:リ	2
1328	-0.0471118951118048
1329	0.0471118951118007
1330	U09:著/書	2
1330	0.0280973645410804
1331	-0.0280973645410791
1332	U01:集	2
1332	0.0013741224428424
1333	-0.0013741224428466
1334	U01:さ	2
1334	-0.0730869713888302
1335	0.0730869713888256
1336	U00:４	2
1336	0.2118860514011315
1337	-0.2118860514011319
1338	U01:身	2
1338	0.0151474134282874
1339	-0.0151474134282872
1340	U02:生	2
1340	0.1831888024654616
1341	-0.1831888024654598
1342	U09:」/な	2
1342	0.1753697860250056
1343	-0.1753697860249995
1344	U03:部	2
1344	-0.1590111253829693
1345	0.1590111253829701
1346	U02:忠	2
1346	0.1689697484930515
1347	-0.1689697484930524
1348	U03:に	2
1348	-0.7016931022218074
1349	0.7016931022217932
1350	U00:出	2
1350	0.0833312968849007
1351	-0.0833312968848987
1352	U04:れ	2
1352	-0.1654065749491523
1353	0.1654065749491456
1354	U01:れ	2
1354	0.0125252365348908
1355	-0.0125252365348438
1356	U08:エ/ネ	2
1356	-0.1187997084349755
1357	0.1187997084349728
1358	U02:防	2
1358	-0.1512909622602371
1359	0.1512909622602227
1360	U03:国	2
1360	0.0691990535917122
1361	-0.0691990535917234
1362	U00:・	2
1362	-0.5450777806851690
1363	0.5450777806851597
1364	U01:や	2
1364	0.2749070465007236
1365	-0.2749070465007260
1366	U00:日	2
1366	-0.0586354577017478
1367	0.0586354577017426
1368	U02:５	2
1368	0.1538719792797312
1369	-0.1538719792797311

